  File: /private/var/mobile/Library/Logs/AppleSupport/general.log
  Size: 169883	 Blocks: 392	 IO Blocks: 512	 regular file
Device: 1000003h/16777219d	 Inode: 649843	 Links: 1	 Device type: 0,0
Access: (0600/-rw-------)	Uid: (  501/  mobile)	Gid: (  501/  mobile)
Access: 2021-03-10 01:02:00.026627209 +0100
Modify: 2021-03-11 00:00:06.674444220 +0100
Change: 2021-03-11 00:00:06.674444220 +0100
